1058.1
1098.9
1110.9
1129.3
1133.2
1133.9
1143.1
1143.7
1146.7
1146.9
1154.4
1155.3
1160.4
1160.9
1162.9
1169.3
1174.3
1175.6
1177.9
1183.6
1190.7
1192.8
1194.8
1205.9
1206.5
1209.5
1212
1218.5
1226.1
1229.2
1230.9
1231.4
1232.6
1232.9
1233.4
1233.8
1234.1
1239.7
1240.3
1244.4
1245.5
1248.4
1253.8
1262.1
1263.9
1267.1
1270.3
1270.5
1283.6
1285.7
1287.6
1288.1
1290.3
1292.3
1292.9
1293.9
1300.7
1303.2
1307.3
1312
1313
1323.8
1345.3
1349.8
1350.1
1350.6
1381.1
1383.2
1384.8
1387.3
1391
1394.4
1397.5
1397.9
1402.8
1414
1429.5
1430.4
1434.5
1453.5
1458
1458.2
1459.6
1461
1463.2
1464.9
1467.5
1469.9
1470.9
1481.3
1490.3
1502.7
1505.8
1550.9
1565.6
1579.7
1651.3
1664.8
1691
1769
1835.3